1	15993	1.543
2	31986	1.681
3	47979	1.805
4	63972	1.932
5	79965	2.073
6	95958	2.249
7	111951	2.338
8	127944	2.444
9	143937	2.606
10	159930	2.723
11	175923	2.865
12	191916	2.964
13	207909	3.076
14	223902	3.250
15	239895	3.394
16	255888	3.541
17	271881	3.651
18	287874	3.738
19	303867	3.922
20	319860	4.042
21	335853	4.116
22	351846	4.319
23	367839	4.435
24	383832	4.547
25	399825	4.647
26	415818	4.734
27	431811	4.958
28	447804	5.059
29	463797	5.231
30	479790	5.336
31	495783	5.582
32	511776	5.637
33	527769	5.685
34	543762	5.837
35	559755	5.964
36	575748	6.157
37	591741	6.170
38	607734	6.421
39	623727	6.500
40	639720	6.656
41	655713	6.779
42	671706	6.986
43	687699	6.952
44	703692	7.349
45	719685	7.410
46	735678	7.542
47	751671	7.672
48	767664	7.834
49	783657	7.870
50	799650	8.036
51	815643	8.045
52	831636	8.301
53	847629	8.366
54	863622	8.543
55	879615	8.749
56	895608	8.625
57	911601	9.239
58	927594	9.059
59	943587	9.293
60	959580	9.644
61	975573	9.455
62	991566	9.636
